
strategic_region={
	id=214
	name="STRATEGICREGION_214"
	provinces={
		2160 2174 5179 5188 5229 5230 8157 8211 8225 8240 10924 10938 10952 10982 10996 12902 12916 12930 12973 12979 13134 13174 13175 13195 13387 13900 13901 13902 13903 13904 13905 13906 13907 13908 13909 13910 13911 13912 13926 13938 13939 13940 13945 13946 13952 13953 13956 13957 13958 13959 13960 13961 13962 13963 13964 13965 13966 13972 13973 13974 13977 13978 13979 13980 13981 13996 13997 13998 13999 14000 14011 14012 14013 14014 14015 14016 14017 14018 14019 14020 14021 14054 14055 14078 14080 
	}
	weather={
	}
}
