1 6 11506 9523 3549 9578 11563 9434 
1 4 11506 9534 6569 485 
3 4 11506 9561 454 11420 
2 3 11420 9500 11548 
3 4 11506 11518 11549 13011 
3 4 11506 9523 9507 512 
3 5 11506 11491 3506 3669 3652 
3 9 11506 9523 3549 3534 553 11521 11535 3579 6449 
3 6 512 6518 9644 667 9609 3594 
3 3 3594 11593 6613 
2 7 6613 3589 780 762 11713 958 11834 
3 2 11834 911 
2 3 911 3928 9909 
2 6 6613 3589 6784 6609 9745 6780 
2 5 11834 958 11877 9898 6960 
2 4 9824 9853 3946 6960 
1 4 6766 943 9723 6960 
1 4 9737 6777 9710 743 
2 6 9737 9717 11720 6775 11702 6766 
2 2 9510 6536 
2 5 3552 6572 9525 11508 9495 
3 8 9495 527 3523 3509 11463 6547 9523 11506 
2 2 11465 9510 
2 5 11465 503 9478 9492 3671 
3 6 3671 9492 6533 9507 9523 11506 
2 4 6657 655 3659 3671 
2 7 3671 11596 629 11582 595 11565 9737 
1 5 9737 11565 595 3598 620 
2 5 620 3626 651 669 3671 
2 6 620 3621 6648 11576 9607 3594 
2 5 743 11697 11699 3749 6766 
2 6 6766 11702 6775 9734 9751 620 
2 7 6960 760 11709 3754 769 9748 3594 
3 5 3652 9642 6698 698 678 
2 3 678 6529 9503 
2 3 678 6683 9620 
1 2 9559 6583 
2 5 9559 11502 3629 1346 9503 
2 3 9559 11502 11531 
3 10 9503 1346 11516 5291 6545 11732 551 6949 11491 11506 
2 4 3652 648 11794 6613 
1 3 9620 9638 663 
2 4 11531 11547 11560 6488 
3 5 13011 9472 13081 3516 516 
2 5 516 3516 9444 9418 6583 
1 2 516 6560 
1 5 11548 3536 11483 3576 516 
3 2 516 6598 
1 3 6598 3262 9498 
1 6 516 13068 11519 11562 9522 587 
3 6 6583 11435 11470 11494 3547 587 
3 3 587 6469 495 
2 5 11420 454 3402 11549 13011 
2 4 11506 11491 3506 9490 
2 7 9490 3533 6531 9658 6698 698 678 
3 3 9498 3211 391 
1 3 391 68 3314 
1 4 391 6241 6286 6336 
1 5 6336 9335 11318 11360 241 
1 8 587 6469 6622 11346 9281 11264 11360 241 
2 2 3326 241 
3 3 3326 3271 6377 
2 5 6488 589 3574 6568 9517 
2 4 9517 3530 6542 3692 
2 4 3692 3679 6934 9655 
1 3 663 11640 3692 
2 4 9655 11638 6693 692 
2 5 9517 11499 708 3705 692 
3 3 692 11653 9515 
2 5 6488 3524 9547 3398 495 
2 6 391 6241 9363 3512 6469 495 
1 8 6583 11435 11470 11494 529 6570 6469 495 
2 5 587 3547 11494 6444 6488 
2 6 6488 3397 11445 11417 9572 11544 
2 4 11544 571 3299 9515 
2 10 514 11481 3535 6501 538 6524 482 3474 9416 11544 
2 11 514 11481 3535 6501 538 6524 482 3474 11404 6470 3585 
3 4 6521 11444 3312 6282 
2 4 6521 9428 6441 514 
4 3 6521 11505 9496 
2 3 495 6535 11388 
3 4 11388 247 309 3326 
2 4 3326 6349 6325 9347 
2 6 495 6535 9509 405 3395 6377 
2 4 6377 526 9375 3522 
3 5 3522 9456 3499 14554 6521 
2 4 6377 6263 6325 9347 
3 5 6521 375 11219 11276 321 
2 3 9347 6257 6389 
2 4 9347 9320 11305 321 
2 5 9347 9320 9294 9238 3522 
1 5 3522 9238 9294 11305 321 
2 3 9496 3207 6282 
2 5 6282 6334 9334 9361 11372 
2 6 663 11601 3641 9600 9584 3780 
2 6 9620 9618 636 6635 607 3780 
1 5 6891 9772 11824 11874 11773 
3 2 11751 9904 
3 2 9904 11846 
2 4 9904 9794 6926 925 
1 4 11751 9794 11882 11846 
2 4 9909 11891 3772 6788 
2 2 6788 6973 
2 3 6973 6946 11833 
3 4 9907 1616 6985 6606 
3 2 782 6606 
3 5 9907 9879 9750 6862 11751 
2 4 782 9924 967 925 
2 4 11833 6875 6862 11751 
3 5 3780 773 3776 11734 6606 
2 4 3780 773 3776 603 
1 4 603 3776 11734 6606 
2 5 6780 11730 9741 776 3780 
2 5 6780 11730 9741 771 6788 
2 3 925 9838 6831 
2 3 603 3604 11584 
2 4 11846 923 9826 819 
2 4 6831 3966 6939 883 
2 3 819 11803 883 
2 4 883 6843 9784 11837 
1 2 11837 11998 
1 6 11837 9856 10027 12098 12066 9990 
2 8 819 955 851 3968 10027 3901 12066 9990 
1 4 11584 628 11595 6626 
2 4 4159 1156 3857 10074 
1 2 4159 4014 
3 3 6626 599 9627 
1 4 6626 11735 11564 3601 
3 6 9627 6650 3654 596 9646 9648 
3 4 9648 6690 14542 11666 
2 4 9627 6650 3654 11581 
2 3 3601 3592 11581 
1 5 11581 624 9595 6647 619 
4 6 11666 3700 6720 9676 11663 9660 
3 8 11666 14543 9527 11525 9569 9421 6418 3585 
1 7 11666 14543 704 11651 9650 6687 3673 
3 6 3673 13245 13244 3657 6656 11584 
1 5 3673 6687 9650 9679 9648 
1 5 9648 9679 9650 3684 688 
1 7 11666 14543 704 11651 9665 3684 688 
1 4 688 3675 11634 673 
3 8 11666 14543 704 11651 9665 3703 9681 9515 
1 6 9515 6725 3688 707 9652 692 
1 2 707 688 
3 4 3585 3418 6440 11542 
2 6 11542 9429 583 421 6562 3569 
2 3 11666 6739 9692 
2 5 11666 6739 3718 557 3569 
3 6 9660 716 6716 699 11644 3696 
1 5 6626 11595 6673 13245 3673 
1 7 663 11623 6680 6678 9633 11618 673 
2 7 603 3604 9598 11598 9630 11618 673 
2 4 619 3617 11580 11586 
1 4 11586 11583 6634 9602 
2 5 9602 11887 11868 965 949 
1 8 949 3971 3952 3819 6842 9769 649 9783 
2 4 949 3908 3937 6923 
2 7 6923 9862 11905 3893 14537 6895 9833 
2 2 9833 11829 
2 5 3882 11832 11857 9906 9602 
1 5 3882 3833 3526 10163 11818 
1 4 9617 11603 6677 657 
3 2 9617 3663 
1 3 3696 3709 6711 
1 4 619 3617 11787 9606 
1 8 9606 3649 11657 3645 637 3639 3636 3663 
1 9 6711 693 11622 676 11639 6709 6695 660 3663 
3 4 9692 541 3484 11539 
1 4 11539 581 3550 3581 
1 3 3696 713 746 
1 5 746 3548 11691 6586 3581 
1 5 11479 6483 11411 11550 9548 
1 6 3663 9651 11652 9701 6747 3741 
1 4 3741 744 6761 9548 
1 4 3741 6747 723 3707 
1 8 3707 11686 754 3757 3575 6597 409 3452 
2 6 476 9423 9576 754 741 11670 
2 7 476 6429 462 438 11427 491 11479 
1 5 9660 11625 6670 3623 619 
1 6 11581 9611 3670 682 6703 9660 
1 6 9660 9690 6561 11679 541 9692 
1 5 3601 6611 984 3974 3924 
3 5 11542 9414 469 573 514 
1 4 11539 11554 9412 6464 
1 3 6464 13205 9427 
1 2 6464 11467 
2 8 9427 11413 3410 6499 6522 3434 9468 11479 
1 5 11479 536 6580 9452 11399 
3 3 9508 9400 3544 
3 4 11467 9511 6462 9570 
2 7 9570 552 6595 3438 3572 14552 9496 
2 5 6558 17 11515 493 9508 
2 8 6464 506 584 11428 493 11515 17 6558 
2 5 9427 11430 6416 467 3544 
2 4 9427 11430 6416 3458 
1 3 3458 467 3544 
1 3 3544 524 402 
1 3 402 9544 3392 
1 3 3458 3559 11399 
3 4 3569 6562 3414 3583 
1 3 3583 9457 11467 
1 3 3583 9567 6464 
1 2 11829 14538 
1 4 9347 3368 3231 11366 
1 3 11366 332 399 
1 3 399 3277 3325 
1 3 399 3277 6364 
1 3 6364 6235 394 
3 4 3325 3260 6393 6287 
2 6 9279 6345 9362 6412 3307 383 
1 6 9279 11376 6120 11160 11327 11215 
2 5 321 9388 3340 349 6282 
2 4 11372 11343 9263 362 
2 4 362 3380 6402 6332 
1 3 6375 11245 6332 
2 2 9994 11969 
2 5 11921 4129 7162 7180 11969 
3 2 12051 7081 
2 5 7081 1058 1046 7180 11969 
1 4 9943 12034 9976 12051 
2 6 12051 7065 13077 4131 11939 1145 
2 6 7132 11923 10045 12760 4146 1145 
1 4 7100 1194 10113 9945 
2 3 7069 10070 7100 
1 7 7100 11987 7173 1111 989 4116 7132 
2 4 4108 4139 10023 7069 
3 5 11805 3861 799 6924 9817 
1 6 11805 924 844 3926 9877 13230 
1 6 11805 11768 9869 6933 9765 6880 
2 3 9817 11673 6734 
2 4 6734 9689 11710 758 
2 3 6734 9686 11677 
1 4 758 6955 11692 11677 
1 7 11825 918 3918 3727 3725 11840 11677 
1 6 11825 4024 3920 726 3729 11707 
1 5 11707 6749 9703 11688 740 
2 3 740 6756 743 
2 4 3816 9813 11821 915 
1 5 3938 3794 9800 9846 11825 
2 4 6867 13232 9846 11825 
1 5 9817 889 845 874 6867 
1 5 13230 9839 11756 13221 6867 
1 6 13230 9839 9917 11820 896 3938 
1 5 13230 6866 11780 985 6948 
1 6 6948 6832 6800 13229 13224 3938 
1 5 3938 6914 9852 6879 3945 
3 7 3938 9767 6993 9785 11766 813 3816 
3 6 3816 3954 13223 6966 6812 9764 
3 7 6906 9896 6817 3873 6966 6812 9764 
1 3 9764 854 9824 
1 6 6906 3799 871 7213 11737 3816 
1 4 11825 6936 903 885 
1 4 885 11852 13233 740 
1 6 885 11852 3902 6903 6878 3816 
1 4 4098 9889 6959 6906 
1 2 10024 4098 
1 4 4098 1093 11884 832 
2 4 832 9903 1093 10024 
1 5 3938 6914 9757 942 832 
1 8 1176 4095 12083 9828 9778 13229 13224 3938 
1 3 1176 11956 12038 
1 5 1176 11956 4065 10109 10024 
1 2 1048 7183 
2 7 7183 4080 11749 6954 931 9925 13230 
2 6 7183 13231 4182 7198 7068 1176 
1 5 9979 10009 4182 13231 7183 
1 2 10094 13231 
1 5 1176 7068 7198 6744 875 
2 4 875 3871 3810 6948 
1 3 7183 1178 875 
2 9 11818 10163 3844 6930 863 976 1109 3988 4109 
1 4 3951 6871 11811 11829 
2 3 9878 3983 3951 
1 5 4112 928 9921 11778 6912 
1 6 4112 6992 3927 11796 6945 9878 
1 8 3951 11831 856 981 11898 9921 11778 6912 
1 6 9878 3876 11860 940 9755 6807 
1 6 6807 9763 9830 961 6956 11746 
3 4 11746 806 3889 12473 
1 5 12473 3889 9893 9912 7620 
1 3 11853 6991 10472 
1 5 9777 919 933 9900 6995 
1 8 9777 6977 921 3870 3807 11844 804 11747 
1 4 11747 9844 6938 979 
3 5 11747 11784 9806 6808 3951 
1 5 4111 4550 1056 7140 12473 
1 2 4111 792 
2 3 4206 1201 1065 
1 4 7151 7170 1074 4111 
1 3 7151 7170 1065 
1 2 1086 4206 
1 6 4206 4088 4161 11979 1155 12049 
1 4 7151 4574 4591 11976 
2 6 3653 772 654 9626 1530 1599 
1 9 1599 11708 1539 11674 1610 4477 4614 1536 7661 
1 2 4073 12049 
1 3 4073 12004 7011 
3 4 4076 7164 10073 7011 
3 3 7011 10005 11964 
2 5 10031 1068 4055 3996 7011 
2 4 10031 7144 11974 12044 
2 5 12044 1151 12071 1064 11999 
1 6 8105 13256 13254 13267 13266 2046 
1 5 2046 13269 2003 13297 12725 
1 5 12806 13274 13272 12881 2046 
1 3 1071 4145 4076 
1 7 7622 10498 7451 10374 4476 7546 1550 
1 5 8105 13248 10844 13251 11999 
1 5 2089 8001 2004 7994 2097 
1 4 2097 3795 1600 10106 
1 4 5005 7953 1922 2065 
1 4 2065 1982 10922 10837 
1 4 10837 10768 10385 7602 
1 4 4948 12710 8015 2012 
1 5 2050 12900 2025 1969 4972 
1 4 5010 5097 5041 8124 
1 4 12991 2063 4995 10775 
1 3 5210 5196 1939 
1 3 1939 10860 5160 
1 5 2196 8205 12911 10932 8144 
2 3 4696 4822 10697 
1 5 12589 10415 12692 12547 4696 
1 2 4696 1833 
2 4 10697 5231 12648 10400 
1 4 1468 4556 12648 5231 
1 2 7576 1468 
1 4 10400 5106 1688 8245 
2 2 10697 1509 
2 4 1509 5203 7605 10963 
2 2 10963 4879 
1 2 10963 2229 
1 2 2213 10400 
1 3 5231 10668 8214 
1 5 8214 12963 1874 10929 2120 
1 5 1874 7872 5199 12677 191 
1 12 12806 13276 13278 13280 13282 12887 13288 13291 10877 13320 13317 2096 
1 6 2096 8223 7088 3854 4171 8144 
1 6 191 10594 1846 10988 2176 8144 
1 2 10968 5117 
3 7 11293 3342 303 9310 6313 9284 7394 
1 4 11293 3359 3242 3379 
1 3 3379 3242 385 
4 2 11374 6103 
2 4 6103 11333 13070 3501 
3 3 11374 221 271 
1 3 3369 6378 377 
2 7 540 3463 9484 6351 11471 9239 6103 
2 6 9458 507 9239 6221 6270 9297 
1 3 3369 7239 9297 
1 4 3369 11471 9239 6103 
3 3 6384 6318 9315 
1 3 9297 11345 9315 
1 8 6103 11221 296 9322 364 11382 9269 11297 
1 4 9315 11382 9269 11297 
3 5 9315 9379 9332 11270 351 
1 6 377 3241 6301 3301 3205 6384 
1 4 351 11299 11378 9392 
1 5 6384 6335 6399 11332 11218 
1 4 11218 9350 9237 6395 
1 2 6395 3273 
1 3 3273 9383 6300 
1 5 9392 9383 159 11306 9075 
1 3 6300 3150 11136 
1 4 6332 11265 348 3288 
1 3 3288 6314 9262 
1 3 6314 3354 9483 
1 3 9262 3354 9483 
2 4 9483 6342 6222 9340 
2 4 6296 6360 6229 9483 
1 3 3320 327 6296 
2 5 3320 9295 11342 11358 310 
2 5 12910 12924 12932 4776 7798 
2 4 12910 10925 5225 8186 
2 8 7798 12576 7755 1667 10455 10682 12435 12406 
2 3 7859 12435 12406 
1 9 12406 7520 10388 4478 4658 10500 12451 10430 7564 
1 10 8186 5225 5211 8249 2114 11019 12377 10427 1537 12406 
1 4 1454 12104 1431 7669 
2 10 7564 7535 7522 4481 12308 7651 10487 10460 4560 7566 
1 13 8186 10927 8165 5197 12948 2191 10969 12962 10997 1526 10983 2157 1652 
2 4 2211 2203 5195 2197 
2 8 1814 4804 12617 7783 1713 7887 1565 4543 
1 4 1814 4804 7692 1801 
1 4 1814 4804 12617 12604 
2 4 11380 11082 161 6050 
2 10 11380 9393 6397 9406 9329 9251 9410 9300 11376 9279 
2 11 383 6331 3286 3375 3063 6188 9209 9109 11188 11082 11380 
1 8 383 295 11070 69 147 3007 11184 6115 
1 7 6115 9103 9204 3094 9036 6151 9096 
1 4 6115 11078 9157 11028 
1 8 122 6145 9170 3059 11037 27 9157 11028 
1 2 3108 205 
1 10 6050 9149 3182 11091 9117 49 9051 125 9035 3108 
1 5 11028 9227 11206 6118 3022 
1 8 3022 6038 3111 11049 3162 11052 46 3108 
1 10 205 130 6063 11185 118 9093 3100 6161 6083 9108 
1 9 9108 6165 6125 9147 11125 11164 11081 158 11121 
1 6 3122 11065 3172 66 195 11121 
1 7 9108 3104 9186 9226 11155 3095 101 
1 3 101 6055 192 
1 4 3083 9194 6108 11105 
1 4 3151 3060 9100 9206 
1 5 9206 6082 11056 9183 9073 
1 7 9073 67 9167 6144 11066 9129 11105 
1 9 9073 11138 9056 11033 3119 6138 9038 6013 3122 
1 4 11066 11172 3025 6138 
1 3 9056 9163 141 
1 5 9206 11162 3050 6150 3187 
1 6 6146 11079 9233 9106 6212 11121 
1 7 3187 3030 9061 3068 9169 193 6146 
1 6 141 11141 6078 9104 3125 6146 
1 9 3189 86 3008 9162 3121 6181 9201 11117 3134 
1 10 3189 9195 94 6021 11175 155 11092 3033 9118 11159 
1 7 11159 90 6057 11153 11059 70 9197 
1 4 9197 11068 149 3151 
1 7 4640 126 3120 6139 11032 6174 3151 
2 5 3152 11426 11127 11443 4640 
2 8 9340 10323 9240 9317 11291 3074 496 3152 
1 4 310 7482 10323 9340 
1 7 11291 308 6408 9485 592 415 11202 
1 5 11202 11097 95 9098 11032 
1 10 3151 6174 79 6197 117 11109 9234 320 9331 11234 
2 4 3140 57 70 9197 
3 16 6380 11282 3358 11250 3215 11315 2999 187 9111 6086 6035 6095 9164 11068 149 3151 
2 9 3140 172 9107 11165 11083 81 9207 11189 9131 
2 6 6380 9378 9278 6356 252 121 
2 6 121 9122 11099 2 11107 9131 
1 4 3358 366 11326 11349 
1 5 11349 6264 3235 9287 11234 
2 4 11234 6293 323 11241 
1 6 6373 3378 9289 3331 9241 11241 
1 7 11241 9323 6249 6326 3219 6459 310 
2 4 11370 294 11322 3331 
1 4 3331 11220 11290 306 
2 11 6380 6414 3391 3327 401 335 11254 9272 6387 3362 306 
2 6 6262 6396 6290 9348 6414 6380 
2 5 3356 9330 11268 9282 9348 
1 4 11370 277 6340 3320 
1 4 9304 9236 11216 11370 
1 3 3393 9274 3320 
2 3 11344 3303 11375 
2 11 11344 9407 6410 6362 3339 214 11217 9235 3290 301 6380 
2 11 11375 6299 6295 6392 3268 357 280 378 6316 11362 301 
2 5 6373 3350 386 216 11370 
1 4 3295 3324 389 362 
1 8 524 6567 9290 6321 6347 3351 3380 362 
1 12 6332 6402 3380 389 334 11288 11260 9252 9387 6236 537 9496 
2 3 3392 11247 11301 
2 4 9508 548 3230 3295 
1 5 3295 279 11232 388 6558 
1 4 3559 3521 12562 524 
2 6 536 14548 422 11441 6546 3392 
2 4 11301 347 13206 3393 
1 6 6332 395 3384 11312 3272 6296 
2 6 11301 11329 11386 9327 266 395 
2 5 11301 347 318 3309 9304 
2 6 3452 458 11438 9465 504 525 
2 5 476 9481 11490 504 525 
1 5 3561 6513 564 11533 3524 
1 4 3524 6549 9524 3561 
1 4 3561 6513 11493 6377 
1 7 3561 14551 425 6582 3535 11481 514 
2 5 3561 14551 425 6487 3522 
1 4 3535 6582 6487 3522 
1 4 564 11431 9443 495 
2 5 11479 9558 14548 513 572 
2 5 572 6435 11543 3470 6593 
1 4 572 6435 11503 560 
2 7 6593 441 9568 3507 9249 6319 6373 
2 4 476 11464 11514 6593 
1 3 6373 6344 9288 
1 5 6373 6344 9371 9396 11230 
2 7 525 11557 9543 11530 9519 559 11504 
1 4 11504 3557 11397 418 
1 5 418 9449 3492 558 3580 
2 10 525 11557 6458 11489 6508 9566 3225 288 3306 3335 
2 5 11489 3480 9506 546 9288 
2 9 3335 6252 11284 11235 11300 3263 6348 6414 6380 
2 4 3580 9260 9328 9355 
2 5 6262 3292 11242 9411 9355 
2 4 3452 6451 6423 11437 
2 6 11437 453 472 3449 3466 6474 
2 6 6474 3479 502 6530 3531 418 
2 7 418 9556 3409 11439 9489 9552 3527 
1 9 3686 705 3722 568 737 3573 588 11405 11437 
1 4 719 3760 9696 3734 
2 4 9417 9430 6493 6474 
1 3 3672 3682 3668 
2 6 7661 7495 4458 7624 4463 3668 
1 8 3668 6701 700 6748 3726 6758 11706 9753 
1 9 3529 11474 520 6516 6486 9455 11429 6620 9753 
2 10 9417 11434 11450 11459 3519 3540 6591 11412 11475 3527 
1 7 11459 500 509 9516 533 9504 3529 
2 13 9417 585 3587 6781 9709 735 9694 9691 714 11633 685 9647 3672 
2 6 3734 3752 3765 3587 585 9417 
1 5 12333 12491 4599 7563 7477 
1 6 12333 8099 10414 1649 10470 1554 
2 5 1554 7501 7682 11687 1459 
2 9 1459 10148 10366 12397 7597 12329 7657 7600 7243 
2 7 7243 4300 4374 4227 1314 12294 10253 
2 7 10253 7370 4294 1254 4322 3563 12128 
2 8 12128 9420 6515 3330 3357 393 11348 11225 
2 6 3578 3426 9460 433 11408 9422 
1 9 3529 9504 3582 9436 11485 3539 9564 11408 9422 
2 4 6398 6230 6279 3356 
2 4 3527 413 6341 6398 
2 7 9422 471 11436 9312 9339 6369 6398 
2 6 9258 9286 6391 11262 11394 11344 
2 7 9422 313 3304 6353 6382 9409 9258 
2 14 11225 9243 6275 6226 6302 3276 286 3317 11269 9286 6391 11262 11394 11344 
2 9 11344 11277 3352 6374 6253 9373 11356 11243 6338 
2 7 6338 260 9336 3251 3300 6388 6278 
2 13 9131 2996 11143 143 3135 9200 11075 73 3066 3103 6089 9214 6124 
2 10 6124 272 3139 3027 370 9293 12203 7346 11352 7375 
2 11 6278 7403 206 1380 10286 10314 361 3280 7320 10133 1821 
2 7 7375 11228 237 3280 7320 10133 1821 
2 5 9292 1233 12287 10133 1821 
2 3 9292 1327 1292 
2 6 9292 12157 10329 10142 12117 1278 
2 8 1278 1305 4283 4324 3265 11256 11377 11225 
2 5 1821 9553 1543 10189 4824 
2 8 1292 1775 1294 12521 4780 7800 1709 10696 
2 8 10696 4700 12652 10600 3472 7774 7846 4824 
2 6 10696 12679 1733 1860 7825 7274 
2 8 7274 4866 7757 12631 7886 10712 10639 12691 
1 8 12691 12621 1876 1813 10549 10661 12540 4797 
2 10 4797 1762 4837 10528 4766 12507 7860 10683 7786 4677 
1 9 4677 7725 10559 12543 7851 10678 12657 7763 4725 
2 7 4725 10655 7801 12678 12261 4805 12189 
2 9 957 6989 11750 6684 664 6686 11643 10466 12189 
1 5 4506 1588 12618 7832 4725 
2 9 4677 4719 7743 4745 13150 10638 4876 12485 4506 
2 3 4506 7582 10433 
1 8 957 3977 810 6811 11906 9766 973 9897 
1 9 10433 9782 10503 12482 11906 6811 810 3977 957 
1 4 4572 4503 7652 10433 
1 8 4572 1567 7663 9913 946 3947 6964 9897 
2 5 11771 11808 916 4642 4572 
2 5 964 11764 9781 987 11771 
2 7 3900 11886 6837 9835 11815 6951 11771 
2 7 11771 846 9831 930 4633 4561 4506 
2 6 6981 3970 3839 3895 9885 11771 
1 9 10362 13757 12496 13529 13530 1613 1626 13558 4604 
1 8 8187 14174 14170 14169 14167 2173 14304 2152 
1 9 12364 14195 14192 10515 12453 14183 10943 14179 8187 
1 6 7621 14200 14199 14197 12839 12364 
1 11 1639 14217 14220 12409 14211 14222 12394 14224 14198 12839 12364 
1 8 10418 14214 14222 12394 14224 14198 12839 12364 
1 4 1639 14215 12998 10935 
1 2 8222 650 
1 3 650 10992 8215 
1 5 12364 14195 14194 14208 7500 
1 7 14194 10390 14230 8208 5184 12970 8215 
1 4 7500 14443 10985 12942 
1 10 7500 14439 14436 14418 10975 8255 14328 14344 14353 8216 
1 4 650 5191 8194 5228 
1 4 5121 8251 8229 650 
1 4 5228 11000 5171 12994 
1 12 8216 14379 14306 11001 14317 13971 10944 13949 10987 13981 14013 12930 
1 5 12994 13955 8231 8217 5131 
1 6 5131 13995 10952 13996 13946 12930 
1 4 12930 14472 8157 5230 
1 5 5230 13999 13977 14006 13086 
1 2 13086 2210 
1 3 2210 14475 2182 
1 5 4604 13779 13784 13785 10447 
1 13 13785 13793 13800 13799 1542 13828 1529 13821 13823 13830 13831 13832 8181 
1 2 5112 10513 
1 5 8181 7553 5167 14061 10513 
1 6 10513 13756 13755 10432 13871 10980 
1 8 10980 13872 8190 13873 12996 2153 13879 10999 
1 6 13755 13700 12479 13702 8210 7476 
1 5 12479 13698 13697 2167 12977 
1 15 8189 13403 13405 13409 13418 2181 13417 13727 13729 12937 13747 13749 5186 13696 13698 
1 3 10946 13596 8143 
1 5 10998 5182 10967 13585 5168 
1 3 5168 14490 2227 
1 4 14517 8252 14523 12798 
1 4 1047 12095 1120 9970 
1 4 7199 7172 4083 3992 
1 2 1185 4075 
1 8 4075 12075 10075 12319 1522 4501 7446 1319 
1 10 10137 10309 4379 1302 7280 12297 4397 10016 11936 1185 
2 5 12068 1091 11959 7214 7186 
1 3 3992 7653 1628 
1 3 7097 10517 7101 
1 4 7097 9999 4631 4619 
1 6 7418 7406 5092 1603 1004 10364 
2 7 4619 7167 9934 7580 7568 12012 10364 
1 6 10364 4066 10098 4010 7085 7025 
2 4 1519 4538 12062 4190 
2 7 10364 9958 1139 4144 1169 1188 4190 
2 5 4190 7109 12026 4140 9843 
2 4 7025 10043 4037 1069 
1 5 1069 12045 4071 7089 10000 
1 6 1069 1084 11980 11996 9969 10068 
2 3 10068 11761 9843 
2 4 10068 12043 1052 3900 
1 3 9843 9776 952 
1 3 952 3955 6969 
1 3 1052 900 6969 
1 4 952 1489 7674 11752 
1 3 1150 6851 964 
2 5 4052 9790 912 11835 6981 
2 5 7125 12040 11915 10065 4052 
2 5 7125 9981 848 10083 6928 
1 9 6928 3981 3852 6922 959 6822 898 6944 9897 
2 4 11977 7204 7221 7125 
2 4 4056 4086 1081 11977 
2 4 11948 10110 4126 11977 
1 4 11913 996 7120 10076 
1 3 10076 12052 7014 
1 2 7014 12076 
1 8 11913 1146 10008 1001 1161 11973 12055 7025 
1 6 12958 10966 2126 1552 8054 12677 
1 3 12958 5158 8248 
1 2 9950 7110 
2 2 7110 1025 
2 6 4102 1183 12006 11925 4164 7110 
1 2 1025 11985 
2 3 11985 10052 1092 
2 3 1092 11946 7212 
2 3 7212 12031 7072 
2 2 7072 11960 
2 2 1136 11960 
2 8 11985 7050 1191 7145 1167 10055 9985 1136 
2 5 11960 4142 4172 7102 10032 
1 3 10032 10128 12007 
2 2 12007 1117 
2 7 11960 4142 4172 7187 10015 11989 12007 
2 2 10125 7187 
2 3 10125 12097 7087 
2 3 7087 7157 9998 
3 2 9998 1182 
2 5 1182 1097 11908 11989 12007 
2 7 1182 4188 4100 7016 4118 1024 7169 
2 6 1117 11930 4067 1063 9865 6994 
2 4 7169 12056 3848 6994 
1 2 6994 9859 
1 2 9859 3962 
2 3 3962 7532 10444 
1 3 10444 10512 12421 
2 6 7642 4434 4621 1425 4406 7381 
1 4 7642 10135 10491 4608 
2 5 12299 4424 7427 4412 10297 
1 18 10297 1376 12215 7342 1291 12144 7236 4371 1337 4312 12201 1281 1308 4388 12220 12122 1427 7408 
2 9 7408 10250 10221 12173 10411 7572 7353 7492 1488 
1 6 4401 12232 10232 12204 1285 10162 
1 4 1403 4336 12127 1330 
2 4 1330 10154 10283 10344 
2 7 1330 12127 1417 12256 4626 4585 1492 
1 5 1492 7469 12464 1082 4425 
1 3 9991 12010 11968 
1 5 12366 1497 10416 9993 11968 
1 7 4245 10077 1609 4616 10443 10389 12338 
1 8 7455 10349 10389 7565 7662 4644 10077 4245 
2 6 4245 4204 7593 7537 4544 4516 
1 3 4516 10751 9973 
1 4 12137 1377 4299 9973 
1 3 5040 5055 12137 
1 4 5040 4045 2036 12137 
2 4 12137 5086 10794 2086 
1 6 4245 4062 7220 1444 12035 12307 
2 10 4245 10077 4644 7593 12452 1637 10471 10332 7938 5040 
1 5 5040 7938 2005 1569 4516 
1 5 4245 4062 4104 1101 10060 
1 9 4245 4062 7220 1059 1538 10428 9946 7574 10401 
1 5 10401 12420 4557 4883 10030 
1 6 10030 4950 11995 4953 5096 5040 
1 5 10001 11978 12462 10116 10060 
1 5 10001 10255 4237 1228 7340 
1 5 7340 4280 12114 4472 8087 
1 3 8087 10324 1359 
1 5 1359 12142 4353 10270 1349 
1 4 10756 10259 5104 8087 
1 4 10756 10259 5104 1359 
1 5 10278 12180 10152 4321 7340 
1 4 10278 7436 1268 10246 
1 3 7265 4416 10246 
1 5 1321 7288 1409 4416 10246 
1 4 10278 1344 12734 8011 
1 4 8011 8100 4414 10756 
1 4 8011 8100 10208 4278 
1 4 7447 7391 10190 7244 
1 7 7447 10274 7363 8067 10808 12734 8011 
1 3 10246 12164 10149 
1 8 4278 12105 7250 12295 10210 12182 12269 1349 
1 6 10030 7430 7060 4072 7013 1349 
1 6 1349 7013 4187 7150 11952 9975 
1 4 4132 7207 1144 9975 
1 3 3456 10108 4110 
2 7 4110 1980 10847 4984 1908 2054 2086 
1 3 4110 7084 10735 
1 4 10735 1971 10898 8007 
1 3 10735 8098 5105 
1 3 5105 8013 5075 
1 3 8007 9084 10887 
1 7 2086 12868 2002 10772 10066 9084 8007 
2 6 2086 2032 10729 12822 12005 10887 
1 4 10887 4979 8022 12763 
2 7 9975 1103 12886 4149 1908 2054 2086 
1 5 3957 951 11873 10343 7646 
2 5 3957 873 3823 11841 10412 
1 4 10412 3925 11738 788 
1 5 10412 9931 12445 10081 7138 
1 4 1132 4168 6943 788 
1 4 1132 12054 7083 7138 
3 2 3957 6984 
2 3 6984 3824 6845 
2 12 6984 6929 6823 9923 801 3975 7528 9760 9775 4601 4527 1595 
2 6 1595 9796 831 11776 11760 6855 
2 4 6855 827 9808 11800 
1 6 1595 4531 4437 10461 9682 9450 
2 5 9450 6713 9654 11637 689 
1 5 9727 12637 4627 7466 7646 
1 3 913 1582 9727 
1 3 913 7791 10909 
2 6 1595 12437 1604 7626 12305 4569 
1 9 788 6943 11783 7045 7083 11927 7134 7012 7202 
2 3 7202 1547 11975 
2 5 7202 10029 7012 4491 7138 
2 7 12384 638 10394 1485 4653 4491 7138 
2 4 11975 1480 12381 1572 
2 6 1572 12353 1433 12470 10492 12384 
2 3 12384 5090 10909 
1 4 12384 7583 860 492 
1 4 10909 968 12803 12735 
2 3 12735 7422 492 
2 4 12735 10192 10824 12501 
2 4 9727 1445 4527 1595 
2 7 9727 12568 12709 6696 1881 10448 1595 
2 7 12501 12670 6974 6696 1881 10448 1595 
2 4 12501 1987 10615 7797 
1 2 7797 1646 
2 5 7797 4625 4540 4449 4569 
2 3 7480 10520 492 
1 3 7480 7668 4464 
2 3 4464 7524 7552 
2 3 7552 1453 10449 
2 4 7552 1453 1643 1528 
2 6 7552 4535 4507 12313 1500 10337 
2 4 10449 10410 4510 1646 
2 6 1646 4444 12489 12458 7485 5001 
1 5 4569 12346 12463 10370 1534 
1 3 1534 1564 10717 
2 3 1534 2043 1806 
1 3 1806 7904 10798 
1 3 10798 11802 4740 
2 5 12735 1587 10753 7464 7797 
2 11 11800 9808 6874 3853 659 3872 11791 870 9653 6713 9450 
2 4 689 3685 9825 6890 
1 4 4569 1621 12361 10717 
2 7 4569 12305 10457 12497 7611 9682 9450 
1 6 2210 13932 5202 13931 2225 12997 
1 3 2182 13936 10940 
1 9 12997 13989 2162 13993 12953 14004 14001 13929 10940 
1 4 5131 13941 14007 13086 
1 5 5230 13999 13977 13934 2182 
2 3 6845 3863 6882 
3 2 6882 3878 
2 4 3878 9847 6909 9832 
2 3 9832 3906 6732 
2 8 3878 6911 3806 11665 10381 11662 7345 4345 
2 10 3878 6911 3806 9693 1436 9708 3702 3733 734 11654 
2 5 6890 882 3687 6707 11654 
2 8 11800 880 3850 847 9804 11785 6869 6845 
2 8 4345 4270 6625 3605 11567 9580 6797 3775 
2 3 4345 4270 3778 
2 6 3778 3635 3661 9634 6676 6510 
2 4 4345 4417 10320 7433 
2 8 4345 4417 10320 10174 12221 1282 4342 4285 
2 10 7433 1284 12291 4362 7379 4432 1424 7304 7644 7361 
1 7 9450 6713 11641 695 691 11656 6710 
2 7 11654 749 11695 722 9711 9724 6710 
2 7 3775 3763 11695 722 9711 9724 6710 
2 13 9450 6713 11641 11685 9684 6769 11669 9724 9711 722 11695 3763 3775 
2 2 9450 12357 
2 9 9450 12368 6737 10393 7539 1586 1678 9892 12586 
1 10 9450 12312 11589 10393 10478 7306 12418 11788 10666 12586 
2 8 12357 9657 926 1760 10526 3699 1719 1866 
2 14 10717 12361 7607 7449 4590 1527 10339 6737 11589 1560 10341 4664 4807 1866 
2 6 12357 12456 10341 4664 4807 1866 
2 6 12586 12646 12577 7536 9880 1866 
2 3 3960 9829 5001 
2 5 1528 12401 6968 9829 3960 
2 4 10337 10504 10861 3960 
2 5 6785 2042 4884 12410 10337 
2 4 10337 12341 1927 12782 
2 5 12782 1927 5022 7981 3960 
2 6 12782 2019 12728 5038 10894 10740 
2 3 6785 12369 5015 
2 5 12782 6987 5061 2060 12835 
2 3 12835 7973 8003 
1 3 5015 10769 12835 
2 3 8003 10916 10830 
2 3 10830 12745 8097 
1 2 10740 8097 
2 5 10740 12791 5044 7920 3834 
2 4 10740 12791 3883 4975 
2 4 3834 8012 10765 4908 
2 4 4908 4977 1945 8057 
1 3 1562 12374 7986 
1 4 1562 7517 11757 9814 
1 3 9814 10483 10387 
2 4 3834 853 8115 7986 
1 3 853 1793 11814 
1 4 7986 4727 12303 10387 
2 4 5021 2083 12721 12835 
1 2 5021 4956 
1 2 4956 10172 
1 5 4956 2083 1952 12721 12835 
1 4 10172 12804 10853 8003 
2 3 1965 2011 4956 
1 4 1965 2011 2008 10172 
1 4 1965 12755 4887 13089 
2 5 13089 12746 12873 10895 8057 
1 3 8032 2051 13089 
2 3 1965 8089 12810 
2 4 12810 10773 8236 12753 
1 4 12753 13243 10842 10886 
2 3 1572 1584 7388 
2 6 1572 12439 866 10489 9834 1843 
2 4 1534 9802 4811 4740 
2 5 10717 7834 1352 7892 4740 
1 7 1866 9880 1867 12667 12620 3750 1747 
2 4 10387 941 9911 4518 
2 5 4518 6876 6694 6699 9713 
2 4 9671 3677 6699 9713 
2 3 9713 9697 3588 
2 4 3588 4331 4347 4274 
2 5 3588 6665 3471 10151 4274 
1 4 853 7747 6897 10573 
1 4 11814 12765 7821 10573 
1 4 4975 12552 10645 10573 
1 4 11814 4799 4657 10387 
2 8 10387 4657 4799 850 12699 12573 10651 4865 
2 9 9713 710 11698 10422 4736 7827 10591 10651 4865 
2 3 4865 10582 12535 
2 6 12535 7888 12633 12561 10640 4723 
2 3 1827 7780 4723 
2 6 10740 3867 8070 10867 12893 9908 
2 4 9908 3972 10702 10798 
2 5 4740 10340 4586 1738 12627 
2 3 4975 10642 12627 
2 8 4723 10640 10711 1815 12651 1851 12585 4860 
2 4 12535 1789 10556 9616 
2 10 1827 12642 12570 4871 10532 1753 12513 4757 7834 10717 
2 6 3960 9920 5085 3875 3972 9908 
2 6 3960 2082 8025 5103 1618 1806 
2 9 4740 11802 7762 2055 3972 3875 5085 9920 3960 
2 4 4274 4328 3513 12211 
2 6 9616 12553 7865 12183 3513 12211 
2 4 12211 10271 7386 7315 
2 4 7315 10157 4428 1408 
2 3 7315 12214 10327 
1 7 1408 1858 7853 4343 4877 4765 7787 
2 5 7787 10684 11440 10611 12603 
2 3 12603 10611 4739 
2 2 12603 4759 
2 4 4759 7883 4863 10624 
1 3 4860 10593 10624 
2 4 4759 10709 1752 3719 
2 11 3719 1752 4772 1836 12566 6722 1767 7880 4857 12572 4860 
2 8 10624 10593 1857 1854 4838 1832 1690 10327 
2 7 4860 7779 6742 3781 12124 12673 10327 
2 6 4723 4760 3613 3855 7852 12586 
2 3 12627 10588 1827 
2 9 9908 12624 4586 4814 12024 7892 1352 7834 10717 
1 9 4865 10662 4742 1756 6887 1658 868 9792 12627 
1 8 1408 1858 7853 1737 7761 1347 6754 3010 
2 5 4739 9669 6726 515 3010 
2 7 4739 3481 12663 12593 3721 12688 4872 
2 5 12603 1788 3721 12688 4872 
2 4 1866 6752 10618 3719 
2 12 4872 4426 4875 1769 7899 4775 10718 1782 4869 1299 9480 6510 
2 13 6510 9467 12278 12582 602 777 10718 7794 13094 11571 4875 4426 4872 
